10001 10003 10005 10007 101 -1
11001 11003 11005 11007 102 -1
10001 10002 10003 10004 10005 10006 10007 10008 201 -25
11001 11002 11003 11004 11005 11006 11007 11008 202 -25
10101 10102 10101 10104 401 -125
11101 11102 11103 11104 402 -125 
10101 10102 10103 10104 501 -10
11101 11102 11103 11104 502 -10
10201 10202 10203 10204 601 -125
11201 11202 11203 11204 602 -125
10201 10202 10203 10204 701 -10
11201 11202 11203 11204 702 -10
10301 10309 10313 801 -110
11301  11309 11313 802 -110
10313 10314 10315 10316 901 -50
11313 11314 11315 11316 902 -50
20001 2001 -1
30001 30002 2002 -1
30003 2003 -1
40001 2004 -1
40002 2005 -1
40003 2006 -1
40004 2007 -1