[TEXTURES]
50	Textures/map2.png	255	255	255
[OBJECTS]
# type	x	y	ani_set_id	extra_settings per object type
# type: 0 = PLAYER , 1 = SOPHIA, 2 = JASON, 5 = BRICK, 11 = ORB1, 12 = WORM,	13 = FLOATER, 14 = SKULL, 15 = ORB2, 16 = JUMPER, 17 = INSECT, 18 = DOME
#JUMPER
16	103	25
16	105	45
#FLOATER
13	108	20
13	116	19
#ORB1
11	123	21
11	123	25
11	124	29
#BRICK
6	97	18	1	28
6	98	17	30	1
6	126	18	1	28
6	102	47	28	1
6	98	42	4	4
6	102	43	2	1
6	102	46	1	1
6	105	46	6	1
6	113	46	13	1
6	112	43	2	1
6	114	38	4	8
6	118	38	1	4
6	121	38	1	4
6	119	39	2	1
6	119	41	2	1
6	124	43	2	1
6	122	39	2	1
6	124	35	2	1
6	98	30	24	4
6	122	31	2	1
6	106	22	5	4
6	111	23	13	1
6	111	24	11	2
6	118	26	4	4
6	98	26	4	4
6	104	23	2	1
6	102	27	2	1
6	124	27	2	1
6	106	34	4	8
6	104	39	2	1
6	110	39	2	1
6	113	22	2	1
6	117	22	5	1
#SCENE PORTAL
7	98	40	1	2	8
7	98	24	1	2	6
