[TEXTURES]
50	Textures/map44.png	255	255	255
[MAP]
50	516	992
[OBJECTS]
#ORB1
18	12	12
18	15	30
#WORM
19	11	50
19	18	58
19	26	58
19	5	34
19	16	30
#MINE
28	21	59
#BRICK
6	1	2	1	58
6	2	1	28	1
6	30	2	1	58
6	2	4	4	2
6	22	4	4	2
6	2	8	4	2
6	6	12	4	2
6	2	16	4	2
6	10	16	4	2
6	6	20	4	2
6	14	20	4	2
6	2	24	4	2
6	10	24	4	2
6	18	24	4	2
6	6	28	4	2
6	14	28	12	2
6	2	32	4	2
6	10	32	12	2
6	2	36	16	2
6	22	36	4	2
6	6	40	8	2
6	18	40	8	2
6	2	44	8	2
6	14	44	8	2
6	6	48	12	2
6	22	48	4	2
6	2	52	4	2
6	10	52	4	2
6	18	52	12	2
6	2	56	8	2
6	14	56	8	2
6	26	56	4	2
6	2	60	28	1
#SCENE PORTAL
7	2	54	1	2	3
7	2	6	1	2	5
	