# Id	FilePath		R	G	B
[TEXTURES]
1	Textures/item.png	255	255	0
10	Textures/sophia_die.png	176	0	248
20	Textures/misc.png	176	224	0
30	Textures/car.png	255	0	255
40	Textures/enemies.png	255	0	255
50	Textures/map2.png	255	255	255
# id	left	top	right	bottom	texture_id
[SPRITES]
# car	state	right	wheel	number
#  5	  0	  0	  0	  0
# stand + moving right
50000	146	5	172	23	30
50001	178	5	204	23	30
50002	211	5	237	23	30
50003	242	5	268	23	30
# crouch right
50100	146	30	172	47	30
50101	178	30	204	47	30
50102	211	30	237	47	30
50103	243	30	269	47	30
# down + falling right
50200	146 	56 	172 	72 	30
50201	177 	56 	203 	72 	30
50202	211 	56 	237	72 	30
50203	243 	56 	269 	72 	30
# stand + moving left
50010	109	5	135	23	30
50011	77	5	103	23	30
50012	44	5	70	23	30
50013	12	5	39	23	30
# crouch left
50110	109	30	135	47	30
50111	77	30	103	47	30
50112	45	30	71	47	30
50113	12	30	38	47	30
# down + falling left
50210	109 	56 	135 	72 	30
50211	78 	56 	104 	72	30
50212	44 	56 	70 	72 	30
50213	12 	56 	38 	72 	30
# turn right
50300	146	80	170	98	30
50301	179	80	203	98	30
50302	211 	80	235	98	30
50303	244	80	168	98	30
#turn left
50310	111	80	135	98	30
50311	77	80	101	98	30
50312	45	80	69	98	30
50313	12	80	36	98	30
#jump up right + moving
50500	146	130	172	151	30
50501	178	130	204	151	30
50502	211	130	237	151	30
50503	245	130	271	151	30
#jump up left + moving
50510	109	130	135	151	30
50511	77	130	103	151	30
50512	44	130	70	151	30
50513	10	130	39	151	30
# upward right 1 + moving + jumping
50600	146 	180 	171 	213 	30
50601	176 	180 	201 	213 	30
50602	209 	180 	234 	213 	30 
50603	243 	180 	268 	213 	30
#upward left 1 + moving + jumping
50610	110 	180 	135 	213 	30
50611	80 	180 	105 	213 	30
50612	47 	180 	72 	213 	30
50613	13 	180 	38 	213 	30
#upward right 2 + moving + jumping
50700	146 	246 	171 	280 	30	
50701	174 	246 	199 	280 	30	
50702	207 	246 	232 	280 	30
50703	242 	246 	267 	280 	30
#upward left 2 + moving + jumping
50710	110 	246 	135 	280 	30
50711	82 	246 	105 	280 	30
50712	49 	246 	74	280 	30
50713	14 	246 	39	280 	30
#upward right 3 + moving + jumping 
50800	146 	283 	172 	317 	30
50801	176 	283 	202 	317 	30
50802	207 	283 	233 	317 	30
50803	242 	283 	268 	317 	30
#upward left 3 + moving + jumping
50810	109 	283 	135 	317	30
50811	79 	283 	105 	317 	30
50812	48 	283 	74	317 	30
50813	13 	283 	39	317	30
# die 
50900	100	78	143	125	10
50901	12	85	76	132	10
##==============BULLET===================
#small bullet jason right, left, top
20001	240	68	248	74	1
20002	241	110	249	116	1
20003	241	89	247	97	1
#big bullet jason right, left, top
20004	73	200	95	206	1
20005	114	200	136	206	1
20006	218	48	224	62	1
#bang
20007	176	94	183	102	1
20008	192	91	208	104	1
20009	213	90	229	106	1
#electric bullet jason 
20010	3	111	18	127	1
20011	3	132	18	148	1
20012	7	153	14	168	1
20013	6	174	17	190	1
#small sophia bullet
20020	135	180	139	184	1
##============SOPHIA_SMALL===============
#idle
#30001
#walk
#30002
#30003
#30004
#crawl
#climb
#die
# Brick
40001	408	225	424	241	20
# ani_id	sprite1_id	time1	sprite2_id	time2	...
[ANIMATIONS]
#idle right
400	50000	100	50001	100	50002	100	50003	100
#idle left
401	50010	100	50011	100	50012	100	50013	100
#moving right 
500	50000	30	50001	30	50002	30	50003	30	50100	30	50101	30	50102	30	50103	30
#moving left 
501	50010	30	50011	30	50012	30	50013	30	50110	30	50111	30	50112	30	50113	30
##JUMP
# jumping right + moving
410	50500	30	50501	30	50502	30	50503	30
# jumping left + moving
411	50510	30	50511	30	50512	30	50513	30
# falling right + moving
420	50200	30	50201	30	50202	30	50203	30
# falling left	+ moving
421	50210	30	50211	30	50212	30	50213	30
#Upward
#Upward right moving 
430	50800	40	50801	40	50802	40	50803	40
#Upward left moving
431	50810	40	50811	40	50812	40	50813	40
##GUN FLIP IDLE
#upward right 0
461	50600	120	50700	120	50800	999999999
#upward right 1
462	50601	120	50701	120	50801	999999999
#upward  right 2
463	50602	120	50702	120	50802	999999999
#upward  right 3
464	50603	120	50703	120	50803	999999999
#upward  left 0
465	50610	120	50710	120	50810	999999999
#upward left 1
466	50611	120	50711	120	50811	999999999
#upward left 2
467	50612	120	50712	120	50812	999999999
#upward  left 3
468	50613	120	50713	120	50813	999999999
#die
599	50900	100	50901	100
#Brick
602	40001	100
#==============BULLET=================
#small bullet sophia right
700	20001	100
#small bullet sophia left
701	20002	100
#small bullet sophia up
702	20003	100
#big bullet sophia right
703	20004	100
#big bullet sophia left
704	20005	100
#big bullet sophia up
705	20006	100
#bang
706	20007	100	20008	100	20009	100
#electric bullet sophia
707	20010	100	20011	100	20012	100	20013	100
#small sophi bullet
710	20020	100
#
# id	ani1	ani2	ani3
# id tuan theo define
[ANIMATION_SETS]
# SOPHIA JASON
#id    type	ani   state
#	
0	1	400	0	401	1	500	2	501	3	410	4	411	5	420	6	421	7	410	8	411	9	420	10	421	11	461	12	462	13	463	14	464	15	465	16	466	17	467	18	468	19	430	20	431	21	599	22
# BRICK 
5	5	602	7
#=== BULLET ======
#JASON
#small +big bullet
3	3	700	0	701	1	702	2	703	4	704	5 	705	6	706	3	706	7
4	4	710	6
[OBJECTS]
# type	x	y	ani_set_id	extra_settings per object type
# type: 0 = PLAYER , 1 = Brick
# SOPHIA
0	3	6	1
# BRICK
# SCENE 2
#group1
5	1	3	5	1	50
5	30	3	5	2	74
5	1	3	5	29	1
5	2	10	5	8	2
5	6	6	5	16	2
5	26	6	5	6	2
5	22	10	5	8	2
5	6	14	5	23	2
5	16	8	5	2	6





