10000 146 5 172 23 0
10001 146 30 172 48 0
10002 178 5 204 23 0
10003 178 30 204 48 0
10004 211 5 237 23 0
10005 210 30 236 48 0
10006 242 5 268  23 0
10007 243 30 269 48 0
10008 109 5 135 23 0
10009 109 30 135 48 0 
10010 77 5 103 23 0 
10011 77 30 103 48 0
10012 44 5 70 23 0 
10013 45 30 71 48 0
10014 13 5 39 23 0 
10015 12 30 38 48 0
10020 146 56 172 72 0
10021 177 56 203 72 0
10022 211 56 237 72 0
10023 243 56 269 72 0
10024 109 56 135 72 0
10025 78 56 104 72 0
10026 44 56 70 72 0
10027 12 56 38 72 0
10040 146 187 171 213 0
10041 146 218 171 246 0
10042 146 250 171 280 0
10043 146 283 172 317 0
10044 110 187 135 213 0
10045 110 218 135 246 0
10046 110 250 135 280 0
10047 109 283 135 317 0
10050 146 283 172 317 0
10051 176 283 202 317 0
10052 207 283 233 317 0
20001 408 225 424 241 50
30001 5 14 21 29 40
30002 25 14 41 29 40
30003 45 21 61 29 40
40000 300 113 326 121 30
40001 304 158 322 176 30